        0.0172       5.8031139E+01     6.6000000E+01    -1.1362886E+00     3.6604685E+00    -1.3066980E+01     2.2999402E+01
        0.0170       5.8827396E+01     6.6500000E+01    -1.1650568E+00     3.6382778E+00    -1.3316584E+01     2.2859974E+01
        0.0168       5.9653829E+01     6.7000000E+01    -1.1952197E+00     3.6148503E+00    -1.3573377E+01     2.2712774E+01
        0.1263       7.9191030E+00     6.6000000E+01    -2.2787128E-01     2.6823891E+01    -1.9202653E+01     1.6853948E+02
        0.1250       8.0005870E+00     6.6500000E+01    -2.3189327E-01     2.6751838E+01    -1.9489094E+01     1.6808676E+02
        0.1237       8.0834502E+00     6.7000000E+01    -2.3593447E-01     2.6676686E+01    -1.9773026E+01     1.6761456E+02
        0.1621       6.1673802E+00     6.6000000E+01    -1.6834357E-03     3.4442689E+01    -1.8215599E-01     2.1640980E+02
        0.1605       6.2291503E+00     6.6500000E+01    -7.9618176E-05     3.4359487E+01    -8.5942654E-03     2.1588702E+02
        0.1590       6.2911070E+00     6.7000000E+01     1.5499440E-03     3.4276902E+01     1.6690427E-01     2.1536813E+02
        0.3857       2.5925689E+00     6.6000000E+01    -3.4815482E-02     8.1934623E+01    -8.9616865E+00     5.1481042E+02
        0.3828       2.6122237E+00     6.6500000E+01    -3.5107964E-02     8.1934181E+01    -9.0369241E+00     5.1480764E+02
        0.3800       2.6318794E+00     6.7000000E+01    -3.5400685E-02     8.1933716E+01    -9.1122199E+00     5.1480472E+02
        0.4933       2.0272516E+00     6.6000000E+01    -3.2555610E-09     1.0478283E+02    -1.0716818E-06     6.5836993E+02
        0.4896       2.0426096E+00     6.6500000E+01    -3.2877119E-09     1.0478283E+02    -1.0822653E-06     6.5836993E+02
        0.4859       2.0579675E+00     6.7000000E+01    -3.3200618E-09     1.0478283E+02    -1.0929144E-06     6.5836993E+02
        0.6134       1.6303462E+00     6.6000000E+01    -2.6478654E-02     1.3029206E+02    -1.0838364E+01     8.1864915E+02
        0.6085       1.6433356E+00     6.6500000E+01    -2.6745966E-02     1.3024145E+02    -1.0943529E+01     8.1833117E+02
        0.6037       1.6563416E+00     6.7000000E+01    -2.7014103E-02     1.3019033E+02    -1.1048903E+01     8.1800997E+02
        0.6794       1.4718046E+00     6.6000000E+01    -8.4288686E-03     1.4432701E+02    -3.8217895E+00     9.0683334E+02
        0.6743       1.4830589E+00     6.6500000E+01    -8.4759959E-03     1.4431686E+02    -3.8428876E+00     9.0676957E+02
        0.6692       1.4943150E+00     6.7000000E+01    -8.5227253E-03     1.4430670E+02    -3.8638019E+00     9.0670572E+02
        0.7364       1.3579975E+00     6.6000000E+01    -1.6937605E-07     1.5642235E+02    -8.3233982E-05     9.8283058E+02
        0.7308       1.3682854E+00     6.6500000E+01    -1.7063459E-07     1.5642235E+02    -8.3852448E-05     9.8283058E+02
        0.7254       1.3785732E+00     6.7000000E+01    -1.7189201E-07     1.5642235E+02    -8.4470362E-05     9.8283058E+02
        0.8039       1.2439323E+00     6.6000000E+01    -1.0235711E-02     1.7076585E+02    -5.4912206E+00     1.0729535E+03
        0.7979       1.2533606E+00     6.6500000E+01    -1.0317216E-02     1.7076523E+02    -5.5349262E+00     1.0729496E+03
        0.7919       1.2627890E+00     6.7000000E+01    -1.0398736E-02     1.7076460E+02    -5.5786394E+00     1.0729456E+03
        0.8652       1.1558640E+00     6.6000000E+01    -3.8803013E-06     1.8377695E+02    -2.2403010E-03     1.1547046E+03
        0.8586       1.1646206E+00     6.6500000E+01    -3.9089626E-06     1.8377694E+02    -2.2568485E-03     1.1547046E+03
        0.8522       1.1733772E+00     6.7000000E+01    -3.9375795E-06     1.8377694E+02    -2.2733705E-03     1.1547045E+03
